inherited Form1_NmXhdpiPh: TForm1_NmXhdpiPh
  ClientHeight = 615
  ClientWidth = 400
  DesignerMasterStyle = 0
  inherited MainVertScrollBox: TScrollBox
    Size.Width = 400.000000000000000000
    Size.Height = 615.000000000000000000
    Viewport.Width = 400.000000000000000000
    Viewport.Height = 615.000000000000000000
  end
end
